16
0 161 163 66 191 20 172 121 186 44 58 170 18 116 111 82
161 0 184 120 132 149 15 196 146 195 147 149 115 166 176 128
163 184 0 118 63 180 63 67 120 142 126 99 54 176 64 67
66 120 118 0 23 139 38 17 82 114 65 38 131 62 166 184
191 132 63 23 0 39 79 31 91 165 139 167 61 114 192 62
20 149 180 139 39 0 89 187 20 97 68 45 48 130 194 33
172 15 63 38 79 89 0 51 184 56 199 63 162 189 127 18
121 196 67 17 31 187 51 0 17 122 139 144 33 106 122 188
186 146 120 82 91 20 184 17 0 130 104 197 126 48 55 198
44 195 142 114 165 97 56 122 130 0 22 51 170 169 42 74
58 147 126 65 139 68 199 139 104 22 0 167 73 72 193 97
170 149 99 38 167 45 63 144 197 51 167 0 127 100 111 44
18 115 54 131 61 48 162 33 126 170 73 127 0 152 67 35
116 166 176 62 114 130 189 106 48 169 72 100 152 0 194 88
111 176 64 166 192 194 127 122 55 42 193 111 67 194 0 44
82 128 67 184 62 33 18 188 198 74 97 44 35 88 44 0
