20
0 142 176 38 115 76 136 136 108 120 22 101 22 53 190 25 180 91 160 73
142 0 32 90 145 117 44 15 135 146 196 108 41 143 30 75 181 126 60 19
176 32 0 54 30 82 62 172 64 130 86 37 128 53 163 125 32 99 77 58
38 90 54 0 161 30 183 74 78 34 170 141 81 198 162 179 99 158 123 134
115 145 30 161 0 85 126 67 155 175 126 69 20 77 54 19 39 88 34 171
76 117 82 30 85 0 105 183 73 68 194 132 153 175 79 195 169 65 81 63
136 44 62 183 126 105 0 87 111 140 126 188 134 41 105 29 33 163 82 178
136 15 172 74 67 183 87 0 166 193 67 196 128 86 120 81 82 112 111 110
108 135 64 78 155 73 111 166 0 98 170 64 158 150 32 116 70 52 30 37
120 146 130 34 175 68 140 193 98 0 80 118 136 58 51 61 106 25 190 21
22 196 86 170 126 194 126 67 170 80 0 150 24 118 138 150 149 137 97 97
101 108 37 141 69 132 188 196 64 118 150 0 180 116 137 70 58 65 97 83
22 41 128 81 20 153 134 128 158 136 24 180 0 34 75 59 90 62 104 102
53 143 53 198 77 175 41 86 150 58 118 116 34 0 49 57 163 102 83 122
190 30 163 162 54 79 105 120 32 51 138 137 75 49 0 176 66 28 185 130
25 75 125 179 19 195 29 81 116 61 150 70 59 57 176 0 126 93 41 78
180 181 32 99 39 169 33 82 70 106 149 58 90 163 66 126 0 47 141 70
91 126 99 158 88 65 163 112 52 25 137 65 62 102 28 93 47 0 177 79
160 60 77 123 34 81 82 111 30 190 97 97 104 83 185 41 141 177 0 49
73 19 58 134 171 63 178 110 37 21 97 83 102 122 130 78 70 79 49 0
