23
0 111 21 200 22 142 169 131 149 85 38 81 102 42 19 171 139 145 195 139 118 105 61
111 0 121 57 29 72 51 38 74 61 20 147 139 145 34 38 170 110 95 111 86 43 57
21 121 0 195 175 36 113 198 188 113 85 104 66 60 46 98 146 62 60 199 132 135 154
200 57 195 0 180 163 177 138 143 31 128 25 47 84 152 186 108 16 189 103 161 35 115
22 29 175 180 0 79 198 41 69 72 134 86 29 179 141 69 61 99 24 47 79 165 86
142 72 36 163 79 0 163 23 42 157 57 129 117 173 102 192 167 122 74 161 17 127 163
169 51 113 177 198 163 0 148 131 27 73 109 100 184 52 33 23 20 61 143 20 73 103
131 38 198 138 41 23 148 0 61 146 63 173 43 145 48 30 200 171 194 164 74 68 57
149 74 188 143 69 42 131 61 0 130 177 83 98 28 162 178 193 74 72 164 83 94 90
85 61 113 31 72 157 27 146 130 0 149 26 89 77 161 122 33 49 144 18 141 70 142
38 20 85 128 134 57 73 63 177 149 0 97 97 167 132 88 85 103 86 188 150 18 68
81 147 104 25 86 129 109 173 83 26 97 0 129 69 134 115 125 177 76 50 74 120 168
102 139 66 47 29 117 100 43 98 89 97 129 0 44 36 183 131 99 128 73 188 138 137
42 145 60 84 179 173 184 145 28 77 167 69 44 0 115 98 51 188 25 78 199 148 46
19 34 46 152 141 102 52 48 162 161 132 134 36 115 0 186 73 122 187 181 48 56 79
171 38 98 186 69 192 33 30 178 122 88 115 183 98 186 0 188 138 117 98 24 56 66
139 170 146 108 61 167 23 200 193 33 85 125 131 51 73 188 0 127 62 190 54 132 97
145 110 62 16 99 122 20 171 74 49 103 177 99 188 122 138 127 0 167 178 71 17 19
195 95 60 189 24 74 61 194 72 144 86 76 128 25 187 117 62 167 0 170 68 21 153
139 111 199 103 47 161 143 164 164 18 188 50 73 78 181 98 190 178 170 0 36 184 174
118 86 132 161 79 17 20 74 83 141 150 74 188 199 48 24 54 71 68 36 0 115 123
105 43 135 35 165 127 73 68 94 70 18 120 138 148 56 56 132 17 21 184 115 0 33
61 57 154 115 86 163 103 57 90 142 68 168 137 46 79 66 97 19 153 174 123 33 0
