25
0 103 69 199 37 33 171 119 82 182 26 33 137 120 200 24 45 83 119 183 195 51 53 68 52
103 0 140 32 56 116 59 96 56 81 76 171 182 173 33 66 112 62 39 95 63 52 106 75 85
69 140 0 117 189 51 116 161 112 35 108 175 50 161 156 65 15 101 166 125 191 109 130 76 62
199 32 117 0 69 101 100 63 79 196 199 173 47 66 90 146 60 96 181 172 77 183 189 121 104
37 56 189 69 0 159 91 90 89 20 199 23 146 95 61 158 52 141 89 149 54 27 163 43 39
33 116 51 101 159 0 94 142 199 126 177 48 160 185 62 142 53 37 75 96 106 115 112 134 193
171 59 116 100 91 94 0 144 102 151 180 135 38 149 129 181 27 177 41 29 196 21 128 90 43
119 96 161 63 90 142 144 0 185 119 19 112 171 67 161 132 124 29 177 75 142 101 156 127 91
82 56 112 79 89 199 102 185 0 134 96 169 58 142 71 38 50 128 174 161 175 131 22 174 165
182 81 35 196 20 126 151 119 134 0 120 130 35 184 46 107 94 93 65 155 187 91 46 125 107
26 76 108 199 199 177 180 19 96 120 0 161 27 34 167 100 66 84 168 52 25 48 37 67 101
33 171 175 173 23 48 135 112 169 130 161 0 180 178 162 52 62 148 15 187 39 67 118 26 122
137 182 50 47 146 160 38 171 58 35 27 180 0 122 85 179 49 107 112 42 79 44 16 153 131
120 173 161 66 95 185 149 67 142 184 34 178 122 0 191 167 77 172 167 119 165 57 143 144 118
200 33 156 90 61 62 129 161 71 46 167 162 85 191 0 60 127 28 49 19 142 144 167 21 69
24 66 65 146 158 142 181 132 38 107 100 52 179 167 60 0 128 149 29 62 76 129 97 167 43
45 112 15 60 52 53 27 124 50 94 66 62 49 77 127 128 0 37 21 36 161 133 78 94 66
83 62 101 96 141 37 177 29 128 93 84 148 107 172 28 149 37 0 180 64 173 22 175 102 170
119 39 166 181 89 75 41 177 174 65 168 15 112 167 49 29 21 180 0 22 66 199 20 81 190
183 95 125 172 149 96 29 75 161 155 52 187 42 119 19 62 36 64 22 0 79 46 46 164 175
195 63 191 77 54 106 196 142 175 187 25 39 79 165 142 76 161 173 66 79 0 128 198 86 160
51 52 109 183 27 115 21 101 131 91 48 67 44 57 144 129 133 22 199 46 128 0 45 87 170
53 106 130 189 163 112 128 156 22 46 37 118 16 143 167 97 78 175 20 46 198 45 0 84 169
68 75 76 121 43 134 90 127 174 125 67 26 153 144 21 167 94 102 81 164 86 87 84 0 190
52 85 62 104 39 193 43 91 165 107 101 122 131 118 69 43 66 170 190 175 160 170 169 190 0
