21
0 193 101 168 83 150 35 139 143 162 17 99 120 155 174 128 57 103 131 115 21
193 0 187 35 46 40 164 89 44 31 60 136 76 47 168 147 87 173 60 95 131
101 187 0 143 101 76 166 125 33 52 172 46 120 54 155 35 93 161 160 164 87
168 35 143 0 51 91 24 93 35 88 132 118 116 106 61 82 76 196 93 23 150
83 46 101 51 0 109 176 43 99 75 61 33 121 18 99 85 196 164 49 96 131
150 40 76 91 109 0 125 197 59 186 105 163 87 164 38 51 174 86 96 90 67
35 164 166 24 176 125 0 77 123 97 185 161 144 88 64 188 49 85 126 169 112
139 89 125 93 43 197 77 0 191 45 47 102 160 108 143 83 43 83 70 131 33
143 44 33 35 99 59 123 191 0 191 193 163 111 149 162 162 93 166 82 29 22
162 31 52 88 75 186 97 45 191 0 93 53 131 135 143 124 181 168 133 167 122
17 60 172 132 61 105 185 47 193 93 0 198 97 56 191 198 176 164 36 99 191
99 136 46 118 33 163 161 102 163 53 198 0 113 68 121 129 51 103 99 185 88
120 76 120 116 121 87 144 160 111 131 97 113 0 78 23 85 91 152 135 106 55
155 47 54 106 18 164 88 108 149 135 56 68 78 0 160 171 167 189 93 133 108
174 168 155 61 99 38 64 143 162 143 191 121 23 160 0 174 132 133 199 96 143
128 147 35 82 85 51 188 83 162 124 198 129 85 171 174 0 88 22 31 190 86
57 87 93 76 196 174 49 43 93 181 176 51 91 167 132 88 0 129 118 95 86
103 173 161 196 164 86 85 83 166 168 164 103 152 189 133 22 129 0 101 188 134
131 60 160 93 49 96 126 70 82 133 36 99 135 93 199 31 118 101 0 36 150
115 95 164 23 96 90 169 131 29 167 99 185 106 133 96 190 95 188 36 0 122
21 131 87 150 131 67 112 33 22 122 191 88 55 108 143 86 86 134 150 122 0
